CONFIGURATION:
dataset = airbnb
output = /Users/mugeebhassan/EPOS/output/airbnb_1543787391
==============
numSimulations = 5
dataset = airbnb
numAgents = 40
numApplicants = 160
applicantOptions = 10
priceOptions = 10
numPlans = 100
planDim = 240
numIterations = 40
numChildren = 2
--------------
alpha = 0.0
beta = 0
global cost function = func.AirbnbCostFunction@4590c9c3
local cost function = func.AirbnbPlanCostFunction@32e6e9c3
goal signal = 1.0,1.0,1.0,1.0,1.0,1.0,1.0,1.0,1.0,1.0,1.0,1.0,1.0,1.0,1.0,1.0,1.0,1.0,1.0,1.0,1.0,1.0,1.0,1.0,1.0,1.0,1.0,1.0,1.0,1.0,1.0,1.0,1.0,1.0,1.0,1.0,1.0,1.0,1.0,1.0,1.0,1.0,1.0,1.0,1.0,1.0,1.0,1.0,1.0,1.0,1.0,1.0,1.0,1.0,1.0,1.0,1.0,1.0,1.0,1.0,1.0,1.0,1.0,1.0,1.0,1.0,1.0,1.0,1.0,1.0,1.0,1.0,1.0,1.0,1.0,1.0,1.0,1.0,1.0,1.0,1.0,1.0,1.0,1.0,1.0,1.0,1.0,1.0,1.0,1.0,1.0,1.0,1.0,1.0,1.0,1.0,1.0,1.0,1.0,1.0,1.0,1.0,1.0,1.0,1.0,1.0,1.0,1.0,1.0,1.0,1.0,1.0,1.0,1.0,1.0,1.0,1.0,1.0,1.0,1.0,1.0,1.0,1.0,1.0,1.0,1.0,1.0,1.0,1.0,1.0,1.0,1.0,1.0,1.0,1.0,1.0,1.0,1.0,1.0,1.0,1.0,1.0,1.0,1.0,1.0,1.0,1.0,1.0,1.0,1.0,1.0,1.0,1.0,1.0,1.0,1.0,1.0,1.0,1.0,1.0,186.197427277885,268.20910971819853,32.55812465095285,153.31843415753303,243.84008488439082,615.3043846514585,406.5846379840567,230.25186989630512,241.85605948424467,147.52748230750942,251.74376087522361,218.01130813987427,167.51281718697174,120.91511491665142,100.48018878518273,165.13140116405185,165.93202994705888,440.33411264994265,264.4346782072042,233.31821229269661,395.61221429212173,76.48439865513384,90.60279711427218,228.0953822333196,73.21227021783633,95.54858051684434,729.4072503119221,81.19204128285017,83.76977016821834,169.88226173375733,256.02600037611666,210.73678034656945,177.39607351770707,247.6938167514692,89.70935901587625,241.05965119694682,23.760593832788636,29.0297079704948,395.9498128064983,75.21525438617698,1.0,10.0,2.0,1.0,1.0,1.0,1.0,5.0,1.0,2.0,1.0,1.0,10.0,4.0,4.0,10.0,1.0,9.0,1.0,1.0,3.0,1.0,10.0,1.0,1.0,10.0,10.0,10.0,6.0,1.0,10.0,1.0,1.0,10.0,1.0,10.0,3.0,10.0,4.0,2.0
--------------
permutationID = 0
reorganizationSeed = 0
permutationSeed = 0
permutationFile = null
reorganizationPeriod = 3
memorizationOffset = 5
reorganizationStrategy = NEVER
convergenceTolerance = 0.5
--------------
loggingLevel = SEVERE
Selected Loggers: SelectedPlanLogger, GlobalResponseVectorLogger, LocalCostMultiObjectiveLogger, TerminationLogger, GlobalCostLogger, WeightsLogger, PlanFrequencyLogger, ReorganizationLogger, VisualizerLogger, GlobalComplexCostLogger
