CONFIGURATION:
dataset = airbnb
output = /Users/mugeebhassan/EPOS/output/airbnb_1543787691
==============
numSimulations = 5
dataset = airbnb
numAgents = 120
numApplicants = 80
applicantOptions = 10
priceOptions = 10
numPlans = 100
planDim = 320
numIterations = 40
numChildren = 2
--------------
alpha = 0.0
beta = 0
global cost function = func.AirbnbCostFunction@4590c9c3
local cost function = func.AirbnbPlanCostFunction@32e6e9c3
goal signal = 1.0,1.0,1.0,1.0,1.0,1.0,1.0,1.0,1.0,1.0,1.0,1.0,1.0,1.0,1.0,1.0,1.0,1.0,1.0,1.0,1.0,1.0,1.0,1.0,1.0,1.0,1.0,1.0,1.0,1.0,1.0,1.0,1.0,1.0,1.0,1.0,1.0,1.0,1.0,1.0,1.0,1.0,1.0,1.0,1.0,1.0,1.0,1.0,1.0,1.0,1.0,1.0,1.0,1.0,1.0,1.0,1.0,1.0,1.0,1.0,1.0,1.0,1.0,1.0,1.0,1.0,1.0,1.0,1.0,1.0,1.0,1.0,1.0,1.0,1.0,1.0,1.0,1.0,1.0,1.0,175.93550315906188,269.81671641851955,45.0,147.96017208292668,241.3892007081162,609.832712640904,401.9591056706692,226.88628237539143,237.92395575582427,145.34659935210706,249.6207186526366,209.1501252783124,177.94785534104162,121.5812271942603,106.6180176958407,168.35617648633422,160.9852112163921,448.9014915895593,261.75849610366134,225.20072546794876,403.00733256076893,63.9399900652287,107.60706088387764,222.4455283887226,79.91024576495747,106.08097552706572,731.9074556762364,92.08767021480321,98.75469151206725,165.50446966452455,272.1405798013554,204.00708111695485,171.8944285550676,271.04220876851673,84.32776171424759,257.236212159585,27.233033581707435,37.19523104933819,396.0912010923117,73.62344180572569,291.3452507152495,184.63916873397832,198.1622964161611,187.44054308582952,86.90662955108269,172.57700378397251,13.51649706770374,219.5148636503922,41.55946140380832,132.09336647664924,136.63287383520662,75.22451353869539,229.41554788719716,37.5,200.15779090643397,124.99971507507374,133.88452362179194,143.10294667958277,33.90972606521859,175.24078624586633,367.8251551178766,203.09871531149804,192.5790863488133,143.77754282647825,175.3008533683376,177.60199030824995,181.61197265293364,69.30452008198783,91.63970049028933,40.11458702924243,105.80399855367482,157.6683823101509,356.14765237348644,174.8595489480902,109.06039994745953,149.85867802676782,92.98947469883004,56.60281106248391,118.9272164125865,165.2545052484903,60.1695250766298,120.16526491673525,123.30335531159614,121.4168794818134,353.9668825129569,51.96678538036553,218.41274989724565,55.53261481747824,168.08107247039277,288.150957454441,94.47446033855299,93.58374902176197,243.47586290180402,150.67321478208714,335.41145247159744,84.01237041286531,74.48541778642236,93.8467656725286,28.5,209.20547948931105,200.8018852340803,65.45350156933304,355.57270725135385,151.98264470501525,141.93911335633524,273.213794374428,109.66859062569043,37.18787884794121,217.38924259565556,214.2869922109881,114.14113379149612,100.49406971696898,352.47333630688394,116.86704979325309,211.68115661854523,251.60984994507226,145.2457270761755,403.6135226495925,61.046125000722235,91.65581892566239,3.0,10.0,1.0,1.0,1.0,1.0,1.0,7.0,1.0,2.0,1.0,2.0,5.0,3.0,2.0,8.0,1.0,4.0,1.0,2.0,1.0,3.0,2.0,1.0,1.0,3.0,10.0,5.0,2.0,1.0,3.0,2.0,1.0,2.0,1.0,2.0,2.0,5.0,3.0,2.0,5.0,3.0,1.0,5.0,1.0,2.0,3.0,1.0,5.0,1.0,1.0,1.0,2.0,1.0,9.0,3.0,2.0,1.0,8.0,1.0,2.0,8.0,2.0,1.0,1.0,1.0,10.0,1.0,3.0,3.0,6.0,1.0,5.0,1.0,1.0,6.0,2.0,3.0,2.0,1.0,1.0,6.0,6.0,10.0,1.0,1.0,2.0,1.0,1.0,1.0,4.0,5.0,1.0,1.0,3.0,3.0,1.0,3.0,1.0,2.0,2.0,1.0,5.0,1.0,3.0,1.0,1.0,5.0,6.0,2.0,3.0,1.0,2.0,2.0,10.0,3.0,1.0,1.0,3.0,3.0
--------------
permutationID = 0
reorganizationSeed = 0
permutationSeed = 0
permutationFile = null
reorganizationPeriod = 3
memorizationOffset = 5
reorganizationStrategy = NEVER
convergenceTolerance = 0.5
--------------
loggingLevel = SEVERE
Selected Loggers: SelectedPlanLogger, GlobalResponseVectorLogger, LocalCostMultiObjectiveLogger, TerminationLogger, GlobalCostLogger, WeightsLogger, PlanFrequencyLogger, ReorganizationLogger, VisualizerLogger, GlobalComplexCostLogger
