CONFIGURATION:
dataset = airbnb
output = /Users/mugeebhassan/EPOS/output/airbnb_1543787415
==============
numSimulations = 5
dataset = airbnb
numAgents = 50
numApplicants = 150
applicantOptions = 10
priceOptions = 10
numPlans = 100
planDim = 250
numIterations = 40
numChildren = 2
--------------
alpha = 0.0
beta = 0
global cost function = func.AirbnbCostFunction@4590c9c3
local cost function = func.AirbnbPlanCostFunction@32e6e9c3
goal signal = 1.0,1.0,1.0,1.0,1.0,1.0,1.0,1.0,1.0,1.0,1.0,1.0,1.0,1.0,1.0,1.0,1.0,1.0,1.0,1.0,1.0,1.0,1.0,1.0,1.0,1.0,1.0,1.0,1.0,1.0,1.0,1.0,1.0,1.0,1.0,1.0,1.0,1.0,1.0,1.0,1.0,1.0,1.0,1.0,1.0,1.0,1.0,1.0,1.0,1.0,1.0,1.0,1.0,1.0,1.0,1.0,1.0,1.0,1.0,1.0,1.0,1.0,1.0,1.0,1.0,1.0,1.0,1.0,1.0,1.0,1.0,1.0,1.0,1.0,1.0,1.0,1.0,1.0,1.0,1.0,1.0,1.0,1.0,1.0,1.0,1.0,1.0,1.0,1.0,1.0,1.0,1.0,1.0,1.0,1.0,1.0,1.0,1.0,1.0,1.0,1.0,1.0,1.0,1.0,1.0,1.0,1.0,1.0,1.0,1.0,1.0,1.0,1.0,1.0,1.0,1.0,1.0,1.0,1.0,1.0,1.0,1.0,1.0,1.0,1.0,1.0,1.0,1.0,1.0,1.0,1.0,1.0,1.0,1.0,1.0,1.0,1.0,1.0,1.0,1.0,1.0,1.0,1.0,1.0,1.0,1.0,1.0,1.0,1.0,1.0,189.06924249035384,268.24141980861015,29.53492298156359,151.17501277105222,246.52908257495014,614.3736788758023,400.59321747117326,228.6837991721704,235.95763760305147,147.95362903919033,247.80793971167978,219.858906660723,169.89268258527648,117.94540424698559,115.69856804226836,164.30516855960877,166.56560159439124,439.14149185826307,262.43565481003947,238.4941264589847,392.2265969284203,76.10631176627268,89.684728383242,223.24174819651597,70.18608120215507,94.64638834344748,728.7258006640205,93.94466748377025,82.04669548524502,170.27654384103187,256.75993634941244,209.08946961692297,178.15977711655393,258.5989995478958,83.76357750118757,241.51383495893185,20.214470702306564,33.90015716896751,392.9809119114174,73.98060902005382,289.5316979268984,193.68180529473454,186.79673618803946,188.3516013287693,93.05337317816145,161.40496222182807,25.152378075142042,229.5542226943484,32.19970175962452,132.57933724816672,1.0,10.0,2.0,1.0,1.0,1.0,1.0,6.0,1.0,2.0,1.0,1.0,10.0,5.0,1.0,10.0,1.0,10.0,1.0,1.0,3.0,1.0,10.0,1.0,2.0,10.0,10.0,4.0,8.0,1.0,10.0,1.0,1.0,4.0,1.0,10.0,4.0,7.0,5.0,2.0,7.0,1.0,3.0,4.0,1.0,3.0,1.0,1.0,10.0,1.0
--------------
permutationID = 0
reorganizationSeed = 0
permutationSeed = 0
permutationFile = null
reorganizationPeriod = 3
memorizationOffset = 5
reorganizationStrategy = NEVER
convergenceTolerance = 0.5
--------------
loggingLevel = SEVERE
Selected Loggers: SelectedPlanLogger, GlobalResponseVectorLogger, LocalCostMultiObjectiveLogger, TerminationLogger, GlobalCostLogger, WeightsLogger, PlanFrequencyLogger, ReorganizationLogger, VisualizerLogger, GlobalComplexCostLogger
