CONFIGURATION:
dataset = airbnb
output = /Users/mugeebhassan/EPOS/output/airbnb_1543787550
==============
numSimulations = 5
dataset = airbnb
numAgents = 90
numApplicants = 110
applicantOptions = 10
priceOptions = 10
numPlans = 100
planDim = 290
numIterations = 40
numChildren = 2
--------------
alpha = 0.0
beta = 0
global cost function = func.AirbnbCostFunction@4590c9c3
local cost function = func.AirbnbPlanCostFunction@32e6e9c3
goal signal = 1.0,1.0,1.0,1.0,1.0,1.0,1.0,1.0,1.0,1.0,1.0,1.0,1.0,1.0,1.0,1.0,1.0,1.0,1.0,1.0,1.0,1.0,1.0,1.0,1.0,1.0,1.0,1.0,1.0,1.0,1.0,1.0,1.0,1.0,1.0,1.0,1.0,1.0,1.0,1.0,1.0,1.0,1.0,1.0,1.0,1.0,1.0,1.0,1.0,1.0,1.0,1.0,1.0,1.0,1.0,1.0,1.0,1.0,1.0,1.0,1.0,1.0,1.0,1.0,1.0,1.0,1.0,1.0,1.0,1.0,1.0,1.0,1.0,1.0,1.0,1.0,1.0,1.0,1.0,1.0,1.0,1.0,1.0,1.0,1.0,1.0,1.0,1.0,1.0,1.0,1.0,1.0,1.0,1.0,1.0,1.0,1.0,1.0,1.0,1.0,1.0,1.0,1.0,1.0,1.0,1.0,1.0,1.0,1.0,1.0,180.7999290922266,267.89581138590097,39.41709733397766,155.55300667507703,247.91798895951217,618.4182279721015,404.43580895235834,226.65051997707366,240.18391569201395,141.7509113226701,250.15834760679596,211.97145625020065,175.2041467043665,113.62104258993949,108.12131458018399,169.2693808170171,169.78792477551002,445.7403545044865,265.7654742325519,228.39228961602345,396.30362826810875,69.18467072094936,100.7804047397861,225.97053149235282,75.52830584024589,106.14293635265739,728.9531346153246,88.86435828735779,95.8159183310099,174.19962806845086,266.9130128306727,207.12884572228748,179.5035602145532,264.4633568277837,87.31583006074227,257.5451180226543,19.89015615942887,33.48823268456685,388.6775110514706,67.89684486164964,286.2335709103752,185.8090781548374,194.80345139925524,184.08256414061555,94.12717626062363,169.4533667491552,18.081653674771687,221.1253457145456,43.729107298617635,138.24579852735664,145.15956752371562,71.85455155440948,224.6601178306345,35.00321261865159,198.4619971472929,120.63949398241814,136.5361573927349,144.03584961581777,35.05780402047862,179.140075557185,368.3355906241036,202.8915225249704,185.75278224111392,140.67946981111467,183.66583069084064,186.4751337454398,181.71635578495346,64.1607723207722,93.76070457805537,38.47620179841866,107.89152541739213,161.4330330519188,349.6572301219956,181.03083202935488,112.4280437315366,148.45824901500507,93.46225169706146,57.38804439219595,120.56888911249382,167.82624252792203,56.182701051810454,121.41635973270697,124.53238008434019,121.52508459487655,360.6745933611016,46.72104352713536,217.16320033188097,49.97753067732326,176.6326562727471,288.98261694264346,2.0,10.0,1.0,1.0,1.0,1.0,1.0,7.0,1.0,3.0,1.0,1.0,6.0,7.0,2.0,7.0,1.0,5.0,1.0,1.0,2.0,2.0,4.0,1.0,1.0,3.0,10.0,7.0,2.0,1.0,5.0,2.0,1.0,3.0,1.0,2.0,4.0,8.0,7.0,3.0,10.0,2.0,2.0,7.0,1.0,2.0,2.0,1.0,4.0,1.0,1.0,2.0,3.0,1.0,10.0,4.0,2.0,1.0,7.0,1.0,2.0,8.0,4.0,2.0,1.0,1.0,10.0,1.0,2.0,3.0,5.0,1.0,10.0,1.0,1.0,8.0,2.0,3.0,2.0,1.0,1.0,5.0,5.0,10.0,1.0,1.0,2.0,1.0,1.0,1.0
--------------
permutationID = 0
reorganizationSeed = 0
permutationSeed = 0
permutationFile = null
reorganizationPeriod = 3
memorizationOffset = 5
reorganizationStrategy = NEVER
convergenceTolerance = 0.5
--------------
loggingLevel = SEVERE
Selected Loggers: SelectedPlanLogger, GlobalResponseVectorLogger, LocalCostMultiObjectiveLogger, TerminationLogger, GlobalCostLogger, WeightsLogger, PlanFrequencyLogger, ReorganizationLogger, VisualizerLogger, GlobalComplexCostLogger
