CONFIGURATION:
dataset = airbnb
output = /home/max/Development/EPOS/output/airbnb_1543775414
==============
numSimulations = 5
dataset = airbnb
numAgents = 100
numApplicants = 100
applicantOptions = 20
priceOptions = 5
numPlans = 100
planDim = 300
numIterations = 40
numChildren = 2
--------------
alpha = 0.0
beta = 0.85
global cost function = func.AirbnbCostFunction@6a024a67
local cost function = func.AirbnbPlanCostFunction@7921b0a2
goal signal = 1.0,1.0,1.0,1.0,1.0,1.0,1.0,1.0,1.0,1.0,1.0,1.0,1.0,1.0,1.0,1.0,1.0,1.0,1.0,1.0,1.0,1.0,1.0,1.0,1.0,1.0,1.0,1.0,1.0,1.0,1.0,1.0,1.0,1.0,1.0,1.0,1.0,1.0,1.0,1.0,1.0,1.0,1.0,1.0,1.0,1.0,1.0,1.0,1.0,1.0,1.0,1.0,1.0,1.0,1.0,1.0,1.0,1.0,1.0,1.0,1.0,1.0,1.0,1.0,1.0,1.0,1.0,1.0,1.0,1.0,1.0,1.0,1.0,1.0,1.0,1.0,1.0,1.0,1.0,1.0,1.0,1.0,1.0,1.0,1.0,1.0,1.0,1.0,1.0,1.0,1.0,1.0,1.0,1.0,1.0,1.0,1.0,1.0,1.0,1.0,179.042494549,267.888515214,42.1911312489,152.964418312,245.012081253,615.134393212,406.601221936,226.380235785,242.63391477,141.295072987,251.399104363,210.338064417,178.054892862,112.859353858,105.922993919,168.443483126,166.139641329,449.413820032,264.251485747,226.664247329,401.486248371,66.943183958,109.178789042,226.437926991,77.1730080963,107.547942129,728.657821956,88.8932408976,95.4397252866,170.551199696,271.332540112,206.104257195,176.53119403,264.734826931,89.0057485539,257.275750973,20.7796646968,37.0946492777,387.910319848,68.806861912,292.667598284,183.742884987,193.867790853,183.759098833,91.2637141248,168.038099829,15.7749889343,219.461797089,43.1124264979,135.019831521,141.547140838,70.9339251533,223.003515231,37.1879242654,199.028352826,124.87124056,134.626354456,142.641282514,34.2524934467,180.27899758,368.18818083,203.901807472,194.28941271,139.867254203,180.157726914,183.053121502,181.258336631,65.8246709411,92.5674178109,40.7248230127,107.320788049,161.453114363,349.358821041,178.004263786,113.758741756,149.616621358,94.7519257919,58.0196942324,122.193812171,169.906451375,57.0065385977,121.895058407,125.054615673,121.126327939,357.30456654,48.5155695148,218.368125141,52.2043937692,172.944759214,290.457149711,93.3363292137,94.9048558116,247.958427953,155.402928758,334.305202773,78.3758994915,72.8825706472,95.1389217138,28.5,210.068765428,2.0,10.0,1.0,1.0,1.0,1.0,1.0,8.0,1.0,3.0,1.0,1.0,4.0,8.0,3.0,8.0,1.0,3.0,1.0,1.0,2.0,2.0,2.0,1.0,1.0,3.0,10.0,7.0,2.0,1.0,3.0,2.0,1.0,3.0,1.0,2.0,4.0,5.0,8.0,3.0,5.0,3.0,2.0,7.0,1.0,2.0,2.0,1.0,4.0,1.0,1.0,2.0,3.0,1.0,10.0,3.0,2.0,2.0,8.0,1.0,2.0,7.0,2.0,2.0,1.0,1.0,10.0,1.0,3.0,3.0,5.0,1.0,10.0,1.0,1.0,6.0,2.0,3.0,2.0,1.0,1.0,5.0,5.0,10.0,1.0,1.0,2.0,1.0,1.0,1.0,4.0,5.0,1.0,1.0,3.0,4.0,1.0,2.0,1.0,2.0
--------------
permutationID = 0
reorganizationSeed = 0
permutationSeed = 0
permutationFile = null
reorganizationPeriod = 3
memorizationOffset = 5
reorganizationStrategy = NEVER
convergenceTolerance = 0.5
--------------
loggingLevel = SEVERE
Selected Loggers: LocalCostMultiObjectiveLogger, VisualizerLogger, TerminationLogger, SelectedPlanLogger, PlanFrequencyLogger, GlobalResponseVectorLogger, GlobalComplexCostLogger, GlobalCostLogger, WeightsLogger, ReorganizationLogger
