CONFIGURATION:
dataset = airbnb
output = /Users/mugeebhassan/EPOS/output/airbnb_1543753052
==============
numSimulations = 5
dataset = airbnb
numAgents = 100
numApplicants = 100
applicantOptions = 10
priceOptions = 5
numPlans = 50
planDim = 300
numIterations = 40
numChildren = 2
--------------
alpha = 0.0
beta = 0.05
global cost function = func.AirbnbCostFunction@4590c9c3
local cost function = func.AirbnbPlanCostFunction@32e6e9c3
goal signal = 1.0,1.0,1.0,1.0,1.0,1.0,1.0,1.0,1.0,1.0,1.0,1.0,1.0,1.0,1.0,1.0,1.0,1.0,1.0,1.0,1.0,1.0,1.0,1.0,1.0,1.0,1.0,1.0,1.0,1.0,1.0,1.0,1.0,1.0,1.0,1.0,1.0,1.0,1.0,1.0,1.0,1.0,1.0,1.0,1.0,1.0,1.0,1.0,1.0,1.0,1.0,1.0,1.0,1.0,1.0,1.0,1.0,1.0,1.0,1.0,1.0,1.0,1.0,1.0,1.0,1.0,1.0,1.0,1.0,1.0,1.0,1.0,1.0,1.0,1.0,1.0,1.0,1.0,1.0,1.0,1.0,1.0,1.0,1.0,1.0,1.0,1.0,1.0,1.0,1.0,1.0,1.0,1.0,1.0,1.0,1.0,1.0,1.0,1.0,1.0,179.0424945491911,267.8885152142268,42.19113124885449,152.96441831213815,245.01208125285555,615.1343932120213,406.60122193631713,226.38023578536206,242.63391476976992,141.29507298729732,251.39910436309674,210.3380644170395,178.05489286189768,112.8593538579189,105.92299391909157,168.44348312620446,166.13964132943914,449.41382003193274,264.2514857467824,226.66424732854315,401.48624837102454,66.9431839579767,109.17878904182298,226.43792699075567,77.1730080963334,107.54794212944076,728.6578219556844,88.89324089758631,95.43972528656053,170.55119969563742,271.33254011193327,206.10425719485406,176.53119403013324,264.7348269313931,89.00574855391909,257.2757509734984,20.7796646968004,37.09464927773749,387.9103198475044,68.80686191202918,292.6675982839709,183.74288498732687,193.86779085305406,183.7590988333164,91.26371412482608,168.0380998290127,15.774988934264544,219.46179708890276,43.11242649790748,135.0198315210045,141.54714083753453,70.93392515327177,223.00351523132207,37.18792426539653,199.02835282567548,124.87124056036535,134.62635445604835,142.64128251354492,34.25249344669353,180.27899757992276,368.18818083022296,203.90180747239833,194.28941271029828,139.86725420305876,180.157726913727,183.0531215016231,181.2583366306096,65.82467094113322,92.5674178109401,40.72482301267599,107.32078804855793,161.4531143627659,349.3588210405095,178.00426378577495,113.75874175572075,149.61662135841902,94.75192579188223,58.01969423240262,122.19381217130756,169.90645137496313,57.006538597695396,121.89505840661016,125.05461567343659,121.12632793945514,357.30456654013835,48.51556951477793,218.36812514133018,52.20439376922579,172.94475921382877,290.45714971107265,93.33632921370959,94.90485581163969,247.95842795339993,155.40292875756276,334.3052027728731,78.37589949149292,72.8825706472376,95.13892171379288,28.5,210.06876542824168,2.0,10.0,1.0,1.0,1.0,1.0,1.0,8.0,1.0,3.0,1.0,1.0,4.0,8.0,3.0,8.0,1.0,3.0,1.0,1.0,2.0,2.0,2.0,1.0,1.0,3.0,10.0,7.0,2.0,1.0,3.0,2.0,1.0,3.0,1.0,2.0,4.0,5.0,8.0,3.0,5.0,3.0,2.0,7.0,1.0,2.0,2.0,1.0,4.0,1.0,1.0,2.0,3.0,1.0,10.0,3.0,2.0,2.0,8.0,1.0,2.0,7.0,2.0,2.0,1.0,1.0,10.0,1.0,3.0,3.0,5.0,1.0,10.0,1.0,1.0,6.0,2.0,3.0,2.0,1.0,1.0,5.0,5.0,10.0,1.0,1.0,2.0,1.0,1.0,1.0,4.0,5.0,1.0,1.0,3.0,4.0,1.0,2.0,1.0,2.0
--------------
permutationID = 0
reorganizationSeed = 0
permutationSeed = 0
permutationFile = null
reorganizationPeriod = 3
memorizationOffset = 5
reorganizationStrategy = NEVER
convergenceTolerance = 0.5
--------------
loggingLevel = SEVERE
Selected Loggers: SelectedPlanLogger, GlobalResponseVectorLogger, LocalCostMultiObjectiveLogger, TerminationLogger, GlobalCostLogger, WeightsLogger, PlanFrequencyLogger, ReorganizationLogger, VisualizerLogger, GlobalComplexCostLogger
