CONFIGURATION:
dataset = airbnb
output = /Users/mugeebhassan/EPOS/output/airbnb_1543787809
==============
numSimulations = 5
dataset = airbnb
numAgents = 140
numApplicants = 60
applicantOptions = 10
priceOptions = 10
numPlans = 100
planDim = 340
numIterations = 40
numChildren = 2
--------------
alpha = 0.0
beta = 0
global cost function = func.AirbnbCostFunction@4590c9c3
local cost function = func.AirbnbPlanCostFunction@32e6e9c3
goal signal = 1.0,1.0,1.0,1.0,1.0,1.0,1.0,1.0,1.0,1.0,1.0,1.0,1.0,1.0,1.0,1.0,1.0,1.0,1.0,1.0,1.0,1.0,1.0,1.0,1.0,1.0,1.0,1.0,1.0,1.0,1.0,1.0,1.0,1.0,1.0,1.0,1.0,1.0,1.0,1.0,1.0,1.0,1.0,1.0,1.0,1.0,1.0,1.0,1.0,1.0,1.0,1.0,1.0,1.0,1.0,1.0,1.0,1.0,1.0,1.0,176.3002039681778,270.3849708129298,42.43342964276944,146.70150316681156,241.33487312608045,608.7963573935585,400.54930235891703,228.74471856908707,236.60134486779472,146.2238898645253,248.53766118480792,207.9154965454761,176.90510732756337,119.6870917476585,108.95229271711669,167.40518296268704,160.29142499826705,447.72453616544755,260.4917054075953,224.73526842400634,401.0859794394013,62.69969971322547,104.52682028434316,221.1137640726279,77.28033667869389,107.50667904221584,731.0639367938458,91.0096322685376,99.2252609703861,164.62276064898393,282.0450178153166,201.63739544942425,171.74894685388279,272.02761323674497,82.85489905199887,255.0628089036215,24.36677561623425,35.99846740160046,394.36921434342406,74.52725866513553,289.9107367166366,187.2734289446787,198.57824565898198,186.73113382562434,86.87538488708502,172.37923029396038,16.55302035584897,219.02987838482224,44.13202924963397,131.1879744956008,136.1403112555982,75.55542982172722,230.85888177994872,37.5,202.56980240050325,132.7061023259311,132.65581627255793,142.13526979713038,32.984812681106405,173.7674493856495,366.12420384434887,203.20198016784445,189.50280214956743,143.6115273876721,174.25478004007854,176.83007952929415,180.93700351277423,67.10288740887577,90.86360937804949,46.406060033208306,105.70340629466277,156.47387110083832,355.6408953476793,173.65878028368564,107.5844378452826,150.18479867458794,92.30278496481539,61.03574560263848,120.20697960282091,163.82710213421643,58.764384145671784,118.85603732767528,121.97439499565127,126.15403935509393,352.91240422321084,49.546467681901476,216.3040761448138,52.701783924003635,167.47615860827705,287.7900533602358,93.52271233547134,92.11942759495119,242.34701453970933,149.37186874217892,343.8389029465427,86.12410007660513,72.31829346143226,91.06182079707716,28.5,205.9063792095218,198.18819070684629,62.50346798401573,354.84747155224113,150.25977484776442,143.84588793722176,272.0963687413758,108.57714056767819,36.61284000618772,216.70086265221428,214.71257172898675,111.6791536409321,97.84179542955435,353.88245475758146,117.14778676410663,210.8713447131035,262.44359139879555,145.63562515920697,403.34258942855286,59.04311042377489,89.6334385922003,61.97931604950527,621.7805037975462,384.3610555904345,325.3538094916082,105.50383073664943,83.81204445032475,197.92355522185443,51.083979577747954,159.31246699768135,63.07325196390546,283.0603673931981,88.43423388316215,190.5291566725389,234.76515813690463,201.33903535456935,71.26773203108189,250.1079730792175,156.96249414611242,290.8114197655868,157.24585221341607,2.0,10.0,1.0,1.0,1.0,1.0,1.0,6.0,1.0,2.0,1.0,2.0,5.0,4.0,2.0,9.0,1.0,4.0,1.0,2.0,2.0,3.0,3.0,1.0,1.0,3.0,10.0,5.0,2.0,1.0,2.0,3.0,1.0,2.0,1.0,3.0,3.0,6.0,4.0,2.0,6.0,2.0,1.0,5.0,1.0,2.0,2.0,1.0,4.0,1.0,1.0,1.0,2.0,1.0,7.0,2.0,2.0,2.0,10.0,1.0,2.0,8.0,3.0,1.0,1.0,1.0,10.0,1.0,3.0,2.0,6.0,1.0,5.0,1.0,1.0,6.0,2.0,2.0,2.0,1.0,1.0,7.0,7.0,5.0,1.0,1.0,2.0,1.0,1.0,2.0,4.0,6.0,1.0,1.0,1.0,2.0,1.0,3.0,1.0,3.0,2.0,1.0,6.0,1.0,3.0,1.0,1.0,5.0,6.0,2.0,3.0,1.0,1.0,2.0,10.0,2.0,1.0,1.0,4.0,4.0,2.0,1.0,3.0,1.0,2.0,1.0,3.0,3.0,1.0,1.0,1.0,1.0,3.0,1.0,2.0,5.0,9.0,5.0,3.0,5.0
--------------
permutationID = 0
reorganizationSeed = 0
permutationSeed = 0
permutationFile = null
reorganizationPeriod = 3
memorizationOffset = 5
reorganizationStrategy = NEVER
convergenceTolerance = 0.5
--------------
loggingLevel = SEVERE
Selected Loggers: SelectedPlanLogger, GlobalResponseVectorLogger, LocalCostMultiObjectiveLogger, TerminationLogger, GlobalCostLogger, WeightsLogger, PlanFrequencyLogger, ReorganizationLogger, VisualizerLogger, GlobalComplexCostLogger
