CONFIGURATION:
dataset = airbnb
output = /Users/mugeebhassan/EPOS/output/airbnb_1543787956
==============
numSimulations = 5
dataset = airbnb
numAgents = 160
numApplicants = 39
applicantOptions = 10
priceOptions = 10
numPlans = 100
planDim = 359
numIterations = 40
numChildren = 2
--------------
alpha = 0.0
beta = 0
global cost function = func.AirbnbCostFunction@4590c9c3
local cost function = func.AirbnbPlanCostFunction@32e6e9c3
goal signal = 1.0,1.0,1.0,1.0,1.0,1.0,1.0,1.0,1.0,1.0,1.0,1.0,1.0,1.0,1.0,1.0,1.0,1.0,1.0,1.0,1.0,1.0,1.0,1.0,1.0,1.0,1.0,1.0,1.0,1.0,1.0,1.0,1.0,1.0,1.0,1.0,1.0,1.0,1.0,174.1132520540876,272.64336614265414,45.0,146.2497898955131,240.03580718046342,608.1118268097343,401.72762908273376,228.03844832143528,237.59327571440275,146.14469334159932,250.08954461259336,207.02229690453615,176.76565001997514,118.05983952230551,109.01829211082185,166.7401688285111,159.28681196245935,446.52250716141134,259.88344759882807,223.6208489165261,401.63543342806304,60.76886910169091,105.93755746710865,222.85027481468416,78.87696715332227,109.50923759599564,732.4385199240612,93.40862475558082,102.00399298563727,163.58179775461926,281.6834434845215,200.1129124628944,171.38739727174163,271.65009502969446,84.1894322397028,252.98566351421596,24.261875524191154,36.67238928149084,392.8145251729806,73.73868561884433,289.584682325378,187.45598739710397,197.7116750110624,188.97355943633232,86.50636005053471,171.62562781044142,14.75328867117711,218.63115386020138,42.558935604289786,129.6813639800188,135.0220812128867,74.64876055192414,230.83347966146988,37.5,201.64217628060211,131.8028680323129,131.1060835420548,141.8938142081228,32.33282954702123,175.0567221613848,363.78754359078323,203.93128535098367,190.91284639193114,142.70713806697597,173.266680258387,176.16549120396706,182.30141659169882,71.4341060409891,88.75660103131194,45.329240735988634,109.22936683357784,158.24489288066206,354.77592840856215,172.53305056790313,109.0010581534574,150.38550189103194,91.54077504260133,59.02928671223759,122.60516435639519,165.03706634704463,63.11573519285839,119.53765648944798,122.66542959387928,126.18832664948127,351.5300478305199,53.70585551875881,214.09371855710103,56.282246955398335,166.26350844661386,287.87050078024583,92.4655795963998,91.8010061416425,243.21401288785813,150.31528004430615,343.3424617161935,84.40999027917447,73.70880939363191,91.21943522237132,28.5,206.83235721161938,196.77915240909454,65.93980400624463,353.9818134543745,154.6488341772309,142.11154915360078,274.0863053224813,107.26208924305408,38.73823709651277,217.71756854299707,213.56928652011132,111.41756675433341,101.80724844964625,353.64454993551726,117.19752924529281,212.28899901729358,263.1997218673378,144.75100553449164,402.42061573786384,57.357309241176296,87.97809466904458,60.18543494973324,620.4562883754539,383.2758035251705,326.45193552861133,107.88885898635091,84.95455839195151,196.38430975105896,51.616216828169705,158.86602229033986,66.6601483397187,282.6221048046234,87.64821186746325,190.6121325754269,234.0677976822624,204.14536580596942,71.25868588066429,250.18732753679458,158.13213479559136,291.66467512636086,158.0566650132115,134.81776806955455,164.03293562913527,245.10866351240512,281.87558956853815,86.81342468775765,68.48008780831208,227.1198135969768,199.09378483040922,55.772023228481785,242.6761181658812,164.11618404229722,51.589109023173826,379.7957446905046,156.80652567145597,155.58264589580284,100.19796034706229,54.874449126317906,135.94122571518145,39.11112377427024,230.86275762744935,3.0,10.0,1.0,1.0,1.0,1.0,1.0,6.0,1.0,2.0,1.0,2.0,5.0,4.0,2.0,10.0,1.0,4.0,1.0,2.0,2.0,3.0,3.0,1.0,1.0,3.0,9.0,4.0,1.0,1.0,2.0,3.0,1.0,2.0,1.0,3.0,3.0,5.0,5.0,2.0,6.0,2.0,1.0,4.0,1.0,2.0,3.0,2.0,4.0,1.0,1.0,1.0,2.0,1.0,7.0,2.0,3.0,2.0,10.0,1.0,3.0,7.0,3.0,2.0,1.0,1.0,9.0,1.0,3.0,2.0,4.0,1.0,6.0,1.0,1.0,6.0,2.0,3.0,2.0,1.0,1.0,7.0,6.0,5.0,1.0,1.0,2.0,1.0,1.0,2.0,5.0,6.0,1.0,1.0,1.0,3.0,1.0,3.0,1.0,2.0,2.0,1.0,6.0,1.0,3.0,1.0,1.0,4.0,6.0,2.0,3.0,1.0,1.0,2.0,9.0,1.0,1.0,2.0,4.0,5.0,3.0,1.0,3.0,1.0,2.0,1.0,3.0,3.0,1.0,1.0,1.0,2.0,3.0,1.0,2.0,5.0,9.0,4.0,2.0,4.0,1.0,1.0,2.0,1.0,1.0,4.0,2.0,2.0,1.0,1.0,4.0,1.0,10.0,2.0,6.0,10.0,3.0,1.0,3.0,4.0
--------------
permutationID = 0
reorganizationSeed = 0
permutationSeed = 0
permutationFile = null
reorganizationPeriod = 3
memorizationOffset = 5
reorganizationStrategy = NEVER
convergenceTolerance = 0.5
--------------
loggingLevel = SEVERE
Selected Loggers: SelectedPlanLogger, GlobalResponseVectorLogger, LocalCostMultiObjectiveLogger, TerminationLogger, GlobalCostLogger, WeightsLogger, PlanFrequencyLogger, ReorganizationLogger, VisualizerLogger, GlobalComplexCostLogger
