CONFIGURATION:
dataset = airbnb
output = /Users/mugeebhassan/EPOS/output/airbnb_1543787640
==============
numSimulations = 5
dataset = airbnb
numAgents = 110
numApplicants = 89
applicantOptions = 10
priceOptions = 10
numPlans = 100
planDim = 309
numIterations = 40
numChildren = 2
--------------
alpha = 0.0
beta = 0
global cost function = func.AirbnbCostFunction@4590c9c3
local cost function = func.AirbnbPlanCostFunction@32e6e9c3
goal signal = 1.0,1.0,1.0,1.0,1.0,1.0,1.0,1.0,1.0,1.0,1.0,1.0,1.0,1.0,1.0,1.0,1.0,1.0,1.0,1.0,1.0,1.0,1.0,1.0,1.0,1.0,1.0,1.0,1.0,1.0,1.0,1.0,1.0,1.0,1.0,1.0,1.0,1.0,1.0,1.0,1.0,1.0,1.0,1.0,1.0,1.0,1.0,1.0,1.0,1.0,1.0,1.0,1.0,1.0,1.0,1.0,1.0,1.0,1.0,1.0,1.0,1.0,1.0,1.0,1.0,1.0,1.0,1.0,1.0,1.0,1.0,1.0,1.0,1.0,1.0,1.0,1.0,1.0,1.0,1.0,1.0,1.0,1.0,1.0,1.0,1.0,1.0,1.0,1.0,177.04770516734354,269.51551998420064,44.85727279439987,151.41094281140056,243.69730961316384,613.4538316657303,405.0462810238577,227.18389631297978,240.9170104919442,144.69985045846732,251.58623830966513,209.41906470982434,176.98347404266667,112.87733086129043,104.49067233244622,167.78908589179596,164.43840515907803,450.25330507844996,263.7308193574746,225.40421716336343,402.65320234008897,65.23347614246785,109.57132367885073,225.57693849556136,78.77993321650094,107.45094015594186,728.4162507803234,93.0945119989685,98.56650107814055,169.00485801756173,269.9387001326553,205.4916050920967,174.88483063566298,263.65123294886354,87.53936634209958,259.15922684464806,23.163993140620107,37.680016682816515,387.9108185025097,73.9593542916192,292.190342899851,182.44358039117992,192.4524823912165,188.47956608730394,89.71632284468586,166.04389825433424,13.98443756430294,218.56090313657418,42.00928924751351,134.7381805918554,139.8722231860552,69.56688670572105,221.49649664098123,37.5,200.7032045376927,123.15581405062974,135.87279377560102,142.52738716842592,33.60468556262948,178.62629957024794,369.4422698553053,203.28819473784574,194.54079988082898,137.71321148217976,178.78270339080157,181.20216192001752,182.06631671293874,68.85014881485662,93.30105236815349,38.935533058592796,106.6017994554193,160.72914342257675,354.33656399149163,177.66461566557373,112.33861045671078,150.65990116963926,94.89409383877314,56.483569202734216,120.82965447677529,168.36853653309518,59.79719881280883,120.99716529513223,124.14793810953415,121.83943628914157,356.87287692713744,51.45479007079358,219.53808809349636,54.91782477385672,171.3611652747473,289.5221904968292,92.35154451973277,94.43913606822373,246.24635004635044,153.6434677499346,332.6412858415382,85.51455567798914,74.46456639047169,95.65095284144968,28.5,210.65752775771966,201.96537482864872,64.93356531644662,354.0775208481383,151.64211388352945,143.31121880288626,275.5059573836213,112.27462353937428,38.20411569525571,214.5758120105393,215.0738632184333,2.0,10.0,1.0,1.0,1.0,1.0,1.0,7.0,1.0,2.0,1.0,2.0,5.0,8.0,3.0,8.0,1.0,3.0,1.0,2.0,2.0,2.0,2.0,1.0,1.0,3.0,10.0,4.0,2.0,1.0,4.0,2.0,1.0,3.0,1.0,2.0,3.0,5.0,8.0,2.0,5.0,3.0,2.0,4.0,1.0,2.0,3.0,2.0,4.0,1.0,1.0,2.0,3.0,1.0,8.0,3.0,2.0,2.0,9.0,1.0,2.0,8.0,2.0,2.0,1.0,1.0,9.0,1.0,2.0,3.0,6.0,1.0,6.0,1.0,1.0,6.0,2.0,3.0,2.0,1.0,1.0,6.0,5.0,10.0,1.0,1.0,2.0,1.0,1.0,1.0,5.0,5.0,1.0,1.0,3.0,3.0,1.0,2.0,1.0,2.0,2.0,1.0,6.0,1.0,3.0,1.0,1.0,4.0,9.0,2.0
--------------
permutationID = 0
reorganizationSeed = 0
permutationSeed = 0
permutationFile = null
reorganizationPeriod = 3
memorizationOffset = 5
reorganizationStrategy = NEVER
convergenceTolerance = 0.5
--------------
loggingLevel = SEVERE
Selected Loggers: SelectedPlanLogger, GlobalResponseVectorLogger, LocalCostMultiObjectiveLogger, TerminationLogger, GlobalCostLogger, WeightsLogger, PlanFrequencyLogger, ReorganizationLogger, VisualizerLogger, GlobalComplexCostLogger
