CONFIGURATION:
dataset = airbnb
output = /Users/mugeebhassan/EPOS/output/airbnb_1543787748
==============
numSimulations = 5
dataset = airbnb
numAgents = 130
numApplicants = 70
applicantOptions = 10
priceOptions = 10
numPlans = 100
planDim = 330
numIterations = 40
numChildren = 2
--------------
alpha = 0.0
beta = 0
global cost function = func.AirbnbCostFunction@4590c9c3
local cost function = func.AirbnbPlanCostFunction@32e6e9c3
goal signal = 1.0,1.0,1.0,1.0,1.0,1.0,1.0,1.0,1.0,1.0,1.0,1.0,1.0,1.0,1.0,1.0,1.0,1.0,1.0,1.0,1.0,1.0,1.0,1.0,1.0,1.0,1.0,1.0,1.0,1.0,1.0,1.0,1.0,1.0,1.0,1.0,1.0,1.0,1.0,1.0,1.0,1.0,1.0,1.0,1.0,1.0,1.0,1.0,1.0,1.0,1.0,1.0,1.0,1.0,1.0,1.0,1.0,1.0,1.0,1.0,1.0,1.0,1.0,1.0,1.0,1.0,1.0,1.0,1.0,1.0,177.49129867632476,269.60113473469625,44.30922898976556,149.52468839849809,243.28370951685815,611.7806912610276,403.05309227572906,226.53033020176463,239.032211862812,144.57510708570766,250.1174812339226,208.7159405894181,177.1113692906419,120.38267126376653,106.59598871850207,167.89788934442703,163.15999596678435,448.314947500122,262.067593608995,225.52565073576915,401.9916371355469,63.976498854605694,105.95028863578574,223.66097654102097,78.76022689289354,108.77283506804653,731.4534703933724,91.24703567566183,100.16566121083548,167.51681865481436,274.9390395180068,203.0660641177031,174.26809659835575,270.0402100384574,85.45912068390034,256.40666819097015,25.758075045292426,36.76661389349929,394.93033947633745,73.59954445916863,290.5758298023581,184.45624182877145,196.86012837659527,186.59891573406586,89.25041448633144,171.56880127515257,16.700006363005258,219.20461397291018,43.402851307070335,133.35627940069293,138.84341205823634,73.92074979554377,227.9248610132762,37.5,200.29761173982715,126.69098834343058,134.24460277340006,142.44679354407975,33.44518288734438,176.51879020239605,367.44751611528085,202.68683370534066,190.9242652405908,142.64019749779447,177.12053091377044,179.81700843043038,181.29875742538184,68.95631015459159,91.9375845407918,41.91780672992477,106.37169192366456,158.97186110778557,355.2903362044794,175.9402135565594,110.24477828290755,150.8445716389195,93.90552356251365,57.930328677592954,121.91517300398762,166.35226156389456,60.438401597197696,119.4602475276877,122.58771589727739,122.27906184703224,355.29027929463757,51.43382444184244,217.79065814367942,54.60011441895045,170.205093780082,288.9255846248746,93.447673495207,92.79887684934185,244.6044674576326,151.78508234963584,338.02751715744205,87.32478732740788,73.45757255909814,92.35110520562714,28.5,207.4339050987866,199.8499750661649,64.38483744821202,354.75975827182714,151.97164785170494,144.77581884453235,273.9499355556764,110.69845350719734,36.37733698198602,216.68116185388257,215.04786227592172,112.80589131967261,99.75135505678466,351.3616276637646,116.3082308894871,211.24606353718832,255.75892772261767,143.93782992481113,402.4855583305647,59.81180777886535,90.45152518479138,62.04887460797035,624.3790026692309,381.3576382578753,328.3041016414153,97.55852952091553,85.02832716334056,199.21060711524228,45.984371524195495,161.56727214668666,64.30963554879047,2.0,10.0,1.0,1.0,1.0,1.0,1.0,7.0,1.0,2.0,1.0,2.0,5.0,4.0,2.0,8.0,1.0,4.0,1.0,2.0,2.0,3.0,3.0,1.0,1.0,3.0,10.0,5.0,2.0,1.0,3.0,2.0,1.0,2.0,1.0,2.0,3.0,5.0,4.0,2.0,6.0,3.0,1.0,5.0,1.0,2.0,2.0,1.0,4.0,1.0,1.0,1.0,2.0,1.0,9.0,2.0,2.0,2.0,9.0,1.0,2.0,8.0,3.0,2.0,1.0,1.0,10.0,1.0,3.0,2.0,6.0,1.0,5.0,1.0,1.0,6.0,2.0,3.0,2.0,1.0,1.0,7.0,6.0,9.0,1.0,1.0,2.0,1.0,1.0,1.0,4.0,6.0,1.0,1.0,2.0,2.0,1.0,3.0,1.0,2.0,2.0,1.0,6.0,1.0,3.0,1.0,1.0,5.0,6.0,2.0,3.0,1.0,2.0,2.0,10.0,3.0,1.0,2.0,4.0,4.0,2.0,1.0,3.0,1.0,4.0,1.0,2.0,5.0,1.0,1.0
--------------
permutationID = 0
reorganizationSeed = 0
permutationSeed = 0
permutationFile = null
reorganizationPeriod = 3
memorizationOffset = 5
reorganizationStrategy = NEVER
convergenceTolerance = 0.5
--------------
loggingLevel = SEVERE
Selected Loggers: SelectedPlanLogger, GlobalResponseVectorLogger, LocalCostMultiObjectiveLogger, TerminationLogger, GlobalCostLogger, WeightsLogger, PlanFrequencyLogger, ReorganizationLogger, VisualizerLogger, GlobalComplexCostLogger
