CONFIGURATION:
dataset = airbnb
output = /Users/mugeebhassan/EPOS/output/airbnb_1543787511
==============
numSimulations = 5
dataset = airbnb
numAgents = 80
numApplicants = 120
applicantOptions = 10
priceOptions = 10
numPlans = 100
planDim = 280
numIterations = 40
numChildren = 2
--------------
alpha = 0.0
beta = 0
global cost function = func.AirbnbCostFunction@4590c9c3
local cost function = func.AirbnbPlanCostFunction@32e6e9c3
goal signal = 1.0,1.0,1.0,1.0,1.0,1.0,1.0,1.0,1.0,1.0,1.0,1.0,1.0,1.0,1.0,1.0,1.0,1.0,1.0,1.0,1.0,1.0,1.0,1.0,1.0,1.0,1.0,1.0,1.0,1.0,1.0,1.0,1.0,1.0,1.0,1.0,1.0,1.0,1.0,1.0,1.0,1.0,1.0,1.0,1.0,1.0,1.0,1.0,1.0,1.0,1.0,1.0,1.0,1.0,1.0,1.0,1.0,1.0,1.0,1.0,1.0,1.0,1.0,1.0,1.0,1.0,1.0,1.0,1.0,1.0,1.0,1.0,1.0,1.0,1.0,1.0,1.0,1.0,1.0,1.0,1.0,1.0,1.0,1.0,1.0,1.0,1.0,1.0,1.0,1.0,1.0,1.0,1.0,1.0,1.0,1.0,1.0,1.0,1.0,1.0,1.0,1.0,1.0,1.0,1.0,1.0,1.0,1.0,1.0,1.0,1.0,1.0,1.0,1.0,1.0,1.0,1.0,1.0,1.0,1.0,182.14416213719537,267.81647434109027,32.300201431183446,155.0971518369197,246.8043621893402,617.7920607353021,406.79626760974884,227.6032647372565,242.16459428595934,144.12179501539612,252.38594911956716,213.94204779384552,176.35463876965827,114.57367291368008,110.25640100112044,170.24804119392167,168.90252327559864,442.9902747638405,265.03355094104995,230.4158428124365,391.5108728521464,70.55283467483471,96.96823569764717,228.7876357881437,70.65304123394382,105.71647382851707,729.3221776592775,89.09266096916623,86.50534267902417,173.10342787617694,268.2766496642178,207.73046127428532,179.7479409207384,266.7712763228424,89.90719589058456,254.14599743174261,17.73345761209432,32.3850557640136,389.63719993290294,69.82886699839119,286.56626818636033,188.09856149784355,196.52888282373456,183.72157974165876,94.36572771021119,171.19251879479216,19.0019547204184,223.1893957439067,45.05741874701954,136.07773416541824,144.2207905341948,73.58637049822985,227.11763255938604,27.31795513510908,199.01438933007452,122.46747533499264,135.23718080087562,145.9355561861293,36.0341792052266,181.64558893905075,364.23842296503636,203.75282131402264,181.88365736097754,142.26440353638043,182.50505028305884,186.08116866248662,182.42820609545393,56.06055153177041,91.21228449512762,40.62757027870985,109.13013208995247,164.14992077196035,350.2393831769586,179.43350468435085,115.10481358111974,149.0883547173959,89.89570164887684,59.36361182886888,121.81674411109014,170.2400708414097,2.0,10.0,2.0,1.0,1.0,1.0,1.0,6.0,1.0,2.0,1.0,1.0,5.0,6.0,2.0,6.0,1.0,6.0,1.0,1.0,3.0,2.0,5.0,1.0,2.0,4.0,10.0,7.0,5.0,1.0,4.0,2.0,1.0,2.0,1.0,3.0,5.0,9.0,6.0,3.0,10.0,2.0,1.0,7.0,1.0,2.0,2.0,1.0,3.0,1.0,1.0,1.0,2.0,2.0,10.0,3.0,2.0,1.0,6.0,1.0,3.0,7.0,5.0,2.0,1.0,1.0,9.0,2.0,3.0,3.0,4.0,1.0,10.0,1.0,1.0,7.0,3.0,3.0,2.0,1.0
--------------
permutationID = 0
reorganizationSeed = 0
permutationSeed = 0
permutationFile = null
reorganizationPeriod = 3
memorizationOffset = 5
reorganizationStrategy = NEVER
convergenceTolerance = 0.5
--------------
loggingLevel = SEVERE
Selected Loggers: SelectedPlanLogger, GlobalResponseVectorLogger, LocalCostMultiObjectiveLogger, TerminationLogger, GlobalCostLogger, WeightsLogger, PlanFrequencyLogger, ReorganizationLogger, VisualizerLogger, GlobalComplexCostLogger
