CONFIGURATION:
dataset = airbnb
output = /Users/mugeebhassan/EPOS/output/airbnb_1543788041
==============
numSimulations = 5
dataset = airbnb
numAgents = 170
numApplicants = 30
applicantOptions = 10
priceOptions = 10
numPlans = 100
planDim = 370
numIterations = 40
numChildren = 2
--------------
alpha = 0.0
beta = 0
global cost function = func.AirbnbCostFunction@4590c9c3
local cost function = func.AirbnbPlanCostFunction@32e6e9c3
goal signal = 1.0,1.0,1.0,1.0,1.0,1.0,1.0,1.0,1.0,1.0,1.0,1.0,1.0,1.0,1.0,1.0,1.0,1.0,1.0,1.0,1.0,1.0,1.0,1.0,1.0,1.0,1.0,1.0,1.0,1.0,175.4810819918291,272.3255078712735,45.0,144.7968275770275,240.00573945185832,606.8447782733989,400.1071195451527,229.48991377931722,235.98243510173782,146.2561431128621,249.0075819007129,207.54360151080073,176.20429006865479,117.35043719746403,109.49985534533573,169.86897081753432,158.42337035414448,447.5366713066988,258.94870039448114,224.4974767044572,401.82472359442977,61.31631101185205,105.94235316025673,221.53616986234346,78.79250183439984,108.86479723717463,733.006519088272,93.67563457898245,102.08754351570242,162.5022994675331,280.89287754482353,200.63829368327458,171.19015897289955,270.8471597128866,82.58384740708564,257.6120291431715,23.76497611491834,36.828007951085496,392.11955310398184,74.37710995015988,290.6845914838524,187.7519700944723,196.72866439511253,189.09764762276097,86.45378627801861,170.82448417777235,16.657287017428253,219.2006870171402,42.941991042770084,128.6658844282678,134.41554958003718,73.66945929432812,230.01974627622207,37.5,202.78267211055848,131.01050982746133,130.09735301704953,142.35262465573666,35.166104520428895,173.45675535280165,367.6321182255606,203.81545552494754,190.79195159477447,141.84225415547633,172.01356812597993,175.19036179273212,181.93077589840846,71.57289789500277,92.9611950745187,44.4036338534537,108.51313777537605,157.08792868459253,354.2008738070526,171.26311736961202,107.42716928022918,149.99794086085768,92.58183827450085,58.29629044523058,121.78772158148995,163.4161966517239,63.24391859395595,119.07402469904768,122.19729150675535,126.34184474829517,350.35025244912936,53.836489369000205,217.23326617372473,56.3766319338834,165.52525673758075,287.5546440504022,91.79442161319598,92.95909828529254,241.67197349221317,148.71141430697583,342.47778605052184,85.52620728421567,74.18787229728746,91.10613793250147,28.5,207.32866372462735,199.82490623723834,66.05169446819926,353.4534715000997,154.78479872823664,142.59007049313078,273.1427600468504,106.10267818034913,38.771859399559354,217.19819557180432,215.09317221833896,110.83703018924341,101.93050576500747,352.7242862446387,117.33748260808775,212.96654448097755,262.4590719769918,143.76568492564033,401.5728788105421,56.63040869757782,87.27350086498316,62.032853525230166,619.2620867899792,384.12169933422706,324.9961499119175,106.52362437779061,84.03103442021718,197.56832922500467,52.9391435329366,158.92214239303289,66.7472381461383,281.7701556877156,86.81444018931386,190.2488549340489,233.06382510650562,202.92010575009826,71.40263891867426,253.11740730254346,160.5879129308042,290.4491061048777,157.64455864851678,134.94318125566608,162.63947380505869,245.17907748021005,280.5975158716272,86.94506366456645,67.74950320917486,226.53974355968873,198.49986793162782,55.91167561064697,241.23148402663168,164.65454385808982,51.73007310939692,379.5157877670218,155.99437760573431,155.36590793108675,100.07655651094741,54.70213073271206,135.0033492577952,38.18994459820634,231.4920779766731,151.83629134631622,200.41700268521737,30.065014487841424,145.17734042747537,283.5339695964653,193.4004384604102,82.1732650488344,91.51498309206133,154.56284443935203,232.63081092158762,3.0,10.0,1.0,1.0,1.0,1.0,1.0,5.0,1.0,2.0,1.0,2.0,5.0,5.0,2.0,6.0,1.0,4.0,1.0,2.0,2.0,3.0,3.0,1.0,1.0,3.0,8.0,4.0,1.0,1.0,2.0,3.0,1.0,2.0,1.0,2.0,3.0,5.0,5.0,2.0,6.0,2.0,1.0,4.0,1.0,2.0,2.0,1.0,4.0,1.0,1.0,1.0,2.0,1.0,6.0,2.0,3.0,2.0,7.0,1.0,2.0,7.0,3.0,2.0,1.0,1.0,10.0,1.0,3.0,2.0,5.0,1.0,6.0,1.0,1.0,6.0,2.0,3.0,2.0,1.0,1.0,7.0,7.0,5.0,1.0,1.0,2.0,1.0,1.0,2.0,5.0,6.0,1.0,1.0,2.0,3.0,1.0,3.0,1.0,2.0,2.0,1.0,7.0,1.0,3.0,1.0,1.0,4.0,6.0,2.0,4.0,1.0,2.0,2.0,8.0,2.0,1.0,2.0,5.0,5.0,2.0,1.0,3.0,1.0,2.0,1.0,3.0,3.0,1.0,1.0,2.0,2.0,3.0,1.0,2.0,5.0,6.0,3.0,3.0,5.0,1.0,1.0,2.0,1.0,1.0,5.0,2.0,2.0,1.0,1.0,4.0,1.0,10.0,2.0,6.0,10.0,3.0,1.0,3.0,4.0,1.0,1.0,6.0,2.0,4.0,3.0,9.0,2.0,3.0,4.0
--------------
permutationID = 0
reorganizationSeed = 0
permutationSeed = 0
permutationFile = null
reorganizationPeriod = 3
memorizationOffset = 5
reorganizationStrategy = NEVER
convergenceTolerance = 0.5
--------------
loggingLevel = SEVERE
Selected Loggers: SelectedPlanLogger, GlobalResponseVectorLogger, LocalCostMultiObjectiveLogger, TerminationLogger, GlobalCostLogger, WeightsLogger, PlanFrequencyLogger, ReorganizationLogger, VisualizerLogger, GlobalComplexCostLogger
