CONFIGURATION:
dataset = airbnb
output = /Users/mugeebhassan/EPOS/output/airbnb_1543787476
==============
numSimulations = 5
dataset = airbnb
numAgents = 70
numApplicants = 130
applicantOptions = 10
priceOptions = 10
numPlans = 100
planDim = 270
numIterations = 40
numChildren = 2
--------------
alpha = 0.0
beta = 0
global cost function = func.AirbnbCostFunction@4590c9c3
local cost function = func.AirbnbPlanCostFunction@32e6e9c3
goal signal = 1.0,1.0,1.0,1.0,1.0,1.0,1.0,1.0,1.0,1.0,1.0,1.0,1.0,1.0,1.0,1.0,1.0,1.0,1.0,1.0,1.0,1.0,1.0,1.0,1.0,1.0,1.0,1.0,1.0,1.0,1.0,1.0,1.0,1.0,1.0,1.0,1.0,1.0,1.0,1.0,1.0,1.0,1.0,1.0,1.0,1.0,1.0,1.0,1.0,1.0,1.0,1.0,1.0,1.0,1.0,1.0,1.0,1.0,1.0,1.0,1.0,1.0,1.0,1.0,1.0,1.0,1.0,1.0,1.0,1.0,1.0,1.0,1.0,1.0,1.0,1.0,1.0,1.0,1.0,1.0,1.0,1.0,1.0,1.0,1.0,1.0,1.0,1.0,1.0,1.0,1.0,1.0,1.0,1.0,1.0,1.0,1.0,1.0,1.0,1.0,1.0,1.0,1.0,1.0,1.0,1.0,1.0,1.0,1.0,1.0,1.0,1.0,1.0,1.0,1.0,1.0,1.0,1.0,1.0,1.0,1.0,1.0,1.0,1.0,1.0,1.0,1.0,1.0,1.0,1.0,184.10920444716436,267.9331134119441,34.343087349923934,152.74204321180196,248.04601158495186,616.4182420277707,398.39479423374905,228.79735594028742,233.83430481417054,146.3442810376492,245.61940671493304,216.09811001753008,177.42196884677068,114.63006625708942,112.00060226071251,171.5691899359105,168.72282507516024,444.2647294437218,262.6348182952441,233.0717161674807,393.7267118310121,72.20670835271977,98.53502693671237,221.43492124882928,72.46061855307865,94.18614018364914,729.7967744677458,90.24875538764726,88.1489630617419,172.66633301389058,268.1334297994571,207.14547375554358,179.1223407097267,268.4358095775461,81.68119397270414,256.5283729789129,19.40966584239167,33.29720658744412,389.6977933555701,71.55316496741666,287.36144935584036,190.1932061055552,198.67764246185905,184.8246625163658,93.90212709848429,173.06474289128553,20.710965844841866,225.81026114616208,40.54278797014064,136.0822090101442,144.54724195487353,75.7503527189605,229.48018762034846,29.363377297267522,199.18339068086757,121.04526199966435,134.0933858998703,147.9956693342693,37.324776234544686,173.9240434231498,366.7586019466519,204.1826777712012,183.43838188920736,144.28175416560876,181.65032334429955,185.14314004292237,176.37547851095306,57.92634460773761,93.18392865368594,35.86089320241254,1.0,10.0,1.0,1.0,1.0,1.0,1.0,6.0,1.0,2.0,1.0,1.0,5.0,6.0,2.0,5.0,1.0,5.0,1.0,1.0,3.0,1.0,4.0,1.0,2.0,10.0,10.0,6.0,4.0,1.0,4.0,2.0,1.0,2.0,1.0,2.0,4.0,8.0,6.0,2.0,9.0,2.0,1.0,6.0,1.0,1.0,2.0,1.0,5.0,1.0,1.0,1.0,2.0,1.0,10.0,3.0,2.0,1.0,5.0,1.0,2.0,7.0,4.0,1.0,1.0,1.0,10.0,2.0,2.0,4.0
--------------
permutationID = 0
reorganizationSeed = 0
permutationSeed = 0
permutationFile = null
reorganizationPeriod = 3
memorizationOffset = 5
reorganizationStrategy = NEVER
convergenceTolerance = 0.5
--------------
loggingLevel = SEVERE
Selected Loggers: SelectedPlanLogger, GlobalResponseVectorLogger, LocalCostMultiObjectiveLogger, TerminationLogger, GlobalCostLogger, WeightsLogger, PlanFrequencyLogger, ReorganizationLogger, VisualizerLogger, GlobalComplexCostLogger
