CONFIGURATION:
dataset = airbnb
output = /Users/mugeebhassan/EPOS/output/airbnb_1543787443
==============
numSimulations = 5
dataset = airbnb
numAgents = 60
numApplicants = 140
applicantOptions = 10
priceOptions = 10
numPlans = 100
planDim = 260
numIterations = 40
numChildren = 2
--------------
alpha = 0.0
beta = 0
global cost function = func.AirbnbCostFunction@4590c9c3
local cost function = func.AirbnbPlanCostFunction@32e6e9c3
goal signal = 1.0,1.0,1.0,1.0,1.0,1.0,1.0,1.0,1.0,1.0,1.0,1.0,1.0,1.0,1.0,1.0,1.0,1.0,1.0,1.0,1.0,1.0,1.0,1.0,1.0,1.0,1.0,1.0,1.0,1.0,1.0,1.0,1.0,1.0,1.0,1.0,1.0,1.0,1.0,1.0,1.0,1.0,1.0,1.0,1.0,1.0,1.0,1.0,1.0,1.0,1.0,1.0,1.0,1.0,1.0,1.0,1.0,1.0,1.0,1.0,1.0,1.0,1.0,1.0,1.0,1.0,1.0,1.0,1.0,1.0,1.0,1.0,1.0,1.0,1.0,1.0,1.0,1.0,1.0,1.0,1.0,1.0,1.0,1.0,1.0,1.0,1.0,1.0,1.0,1.0,1.0,1.0,1.0,1.0,1.0,1.0,1.0,1.0,1.0,1.0,1.0,1.0,1.0,1.0,1.0,1.0,1.0,1.0,1.0,1.0,1.0,1.0,1.0,1.0,1.0,1.0,1.0,1.0,1.0,1.0,1.0,1.0,1.0,1.0,1.0,1.0,1.0,1.0,1.0,1.0,1.0,1.0,1.0,1.0,1.0,1.0,1.0,1.0,1.0,1.0,186.78856879943825,268.0388402119067,32.69071054620506,151.08337085449287,246.98749536716292,614.4384711680253,400.84551185354314,230.41712407965005,236.20085326461543,148.4011380449409,247.74376363770634,219.59215028417296,170.3735930136971,116.05476421607324,114.33402658281553,173.31108952213486,166.78317990061177,438.33004632964435,262.32180675605434,236.7462244234205,393.79853453576123,74.68826856439298,89.07065213417025,223.5054502706709,72.03549855884177,94.48096375876894,730.4295415209116,91.7889327923297,84.8736178295801,170.52729859936116,265.5923365070911,209.04335425496186,178.31397612306637,267.8565146720461,84.03978022912843,240.60076543841143,20.336650790904013,33.30877815602019,391.13462783529053,74.97517450226384,288.2435875823862,192.39206584238184,197.21416042982779,186.29449097600883,93.21733061171594,170.47927989371428,22.9959915814508,229.44467801920771,33.270336975857035,134.27650357458805,142.80264201068357,74.16674533475135,229.2682917021314,27.424443288634016,199.0522769165658,116.41429252428344,133.96155856357882,151.32491001754056,39.03518214223736,175.88796902885042,1.0,10.0,2.0,1.0,1.0,1.0,1.0,5.0,1.0,2.0,1.0,1.0,10.0,5.0,1.0,4.0,1.0,10.0,1.0,1.0,3.0,1.0,10.0,1.0,2.0,10.0,10.0,5.0,6.0,1.0,6.0,1.0,1.0,2.0,1.0,10.0,4.0,8.0,5.0,2.0,8.0,1.0,1.0,5.0,1.0,2.0,1.0,1.0,10.0,1.0,1.0,1.0,2.0,2.0,10.0,5.0,2.0,1.0,4.0,1.0
--------------
permutationID = 0
reorganizationSeed = 0
permutationSeed = 0
permutationFile = null
reorganizationPeriod = 3
memorizationOffset = 5
reorganizationStrategy = NEVER
convergenceTolerance = 0.5
--------------
loggingLevel = SEVERE
Selected Loggers: SelectedPlanLogger, GlobalResponseVectorLogger, LocalCostMultiObjectiveLogger, TerminationLogger, GlobalCostLogger, WeightsLogger, PlanFrequencyLogger, ReorganizationLogger, VisualizerLogger, GlobalComplexCostLogger
