CONFIGURATION:
dataset = airbnb
output = /Users/mugeebhassan/EPOS/output/airbnb_1543787874
==============
numSimulations = 5
dataset = airbnb
numAgents = 150
numApplicants = 50
applicantOptions = 10
priceOptions = 10
numPlans = 100
planDim = 350
numIterations = 40
numChildren = 2
--------------
alpha = 0.0
beta = 0
global cost function = func.AirbnbCostFunction@4590c9c3
local cost function = func.AirbnbPlanCostFunction@32e6e9c3
goal signal = 1.0,1.0,1.0,1.0,1.0,1.0,1.0,1.0,1.0,1.0,1.0,1.0,1.0,1.0,1.0,1.0,1.0,1.0,1.0,1.0,1.0,1.0,1.0,1.0,1.0,1.0,1.0,1.0,1.0,1.0,1.0,1.0,1.0,1.0,1.0,1.0,1.0,1.0,1.0,1.0,1.0,1.0,1.0,1.0,1.0,1.0,1.0,1.0,1.0,1.0,175.26156713898797,270.1666978438371,45.0,148.34805416750456,241.43972735891325,610.2875899783819,402.70020274318915,228.63419801387332,238.67759453166116,146.9457129081693,249.88401231534837,207.81250736581683,176.31570624442566,118.77466096303573,109.2668973255553,167.0189143989341,161.349474563709,446.813787766385,261.15125375078225,224.41023050779853,401.73822096998214,61.81140371624201,103.29170151897415,223.4145112820844,79.09112261037197,110.70729303605954,730.7264239940793,90.34367800397852,102.03316485926884,165.72407680809079,281.85631410964436,201.31662126611528,172.87551870269158,271.0954321850848,85.12413658862259,253.79587360075783,24.52250975437564,36.817082596906836,393.4779696399362,75.12491795895797,289.51865971621385,187.64870078795923,197.4088072432728,186.01672844419195,87.87898053863276,171.44234730069843,15.540944924723561,219.49865284587216,43.37475774673065,131.39743607441252,136.9486516199427,74.38806338403622,229.93511664790663,37.5,202.04572640476485,132.36051921052683,132.37533009146995,142.7981926225677,32.608253910429966,176.18137114764346,364.72603222310295,202.93428899280372,188.26928466333547,142.58502885399463,175.42973006814427,178.244539508297,182.71044826823484,71.34138363101235,89.68919212003462,46.025364118659816,109.99333919222732,158.73966878903576,354.9943095870949,174.35101485672803,109.92535253410186,151.00513394392627,92.87371322718641,60.159426449557145,123.23854042263793,166.00159719661,63.035273538126724,118.33230177832716,121.44276889644792,125.48800684332947,353.4105984177288,53.64297127755404,214.8218792446046,56.2879684534844,168.2556179937606,288.76376834102723,92.74998234768206,91.73614059977712,244.28393206220872,151.43209954380364,343.7606649943673,85.6365279910007,73.73761196699672,89.92442013132512,28.5,204.57929605148632,196.70944190476234,65.92559975151711,354.27905754461364,154.51523910660663,143.18328257785768,273.8254433290654,108.95813462432845,35.906068657676634,216.2068868471792,215.03616544106453,111.36121366449728,101.75902654843408,352.824359693379,117.99978658590544,210.5471186186679,263.14985774643816,144.46254006470602,402.33887426993107,58.10715333592917,88.72463427484912,60.95539125855196,622.4823361843154,384.07744782999276,327.8702650293109,105.95314458380531,85.74755066204577,197.60889819712318,51.65189492883726,160.17461156749002,66.63686910140753,283.1011336435785,88.18444512661132,191.8245429278864,233.58206158441595,202.07866986175839,70.59256777387317,249.85151072653397,157.55543536269576,289.4913043822474,157.14744519510555,134.72754599755635,166.16956895673775,246.00172233400036,282.4389341097129,86.745566025536,69.25718920879069,227.8951306311343,197.19980915354233,55.65865208659918,244.15874140410511,3.0,10.0,1.0,1.0,1.0,1.0,1.0,6.0,1.0,2.0,1.0,2.0,5.0,4.0,2.0,9.0,1.0,4.0,1.0,2.0,2.0,3.0,3.0,1.0,1.0,3.0,10.0,6.0,1.0,1.0,2.0,3.0,1.0,2.0,1.0,3.0,3.0,5.0,4.0,2.0,7.0,2.0,1.0,5.0,1.0,2.0,2.0,1.0,4.0,1.0,1.0,1.0,2.0,1.0,7.0,2.0,2.0,2.0,10.0,1.0,3.0,8.0,3.0,2.0,1.0,1.0,8.0,1.0,3.0,2.0,4.0,1.0,6.0,1.0,1.0,5.0,2.0,3.0,2.0,1.0,1.0,8.0,8.0,6.0,1.0,1.0,2.0,1.0,1.0,1.0,5.0,6.0,1.0,1.0,1.0,3.0,1.0,3.0,1.0,3.0,2.0,1.0,6.0,1.0,3.0,1.0,1.0,6.0,7.0,2.0,3.0,1.0,2.0,2.0,10.0,1.0,1.0,2.0,4.0,4.0,3.0,1.0,3.0,1.0,2.0,1.0,3.0,3.0,1.0,1.0,1.0,1.0,2.0,1.0,2.0,6.0,10.0,4.0,3.0,5.0,1.0,1.0,1.0,1.0,1.0,4.0,2.0,2.0,1.0,1.0
--------------
permutationID = 0
reorganizationSeed = 0
permutationSeed = 0
permutationFile = null
reorganizationPeriod = 3
memorizationOffset = 5
reorganizationStrategy = NEVER
convergenceTolerance = 0.5
--------------
loggingLevel = SEVERE
Selected Loggers: SelectedPlanLogger, GlobalResponseVectorLogger, LocalCostMultiObjectiveLogger, TerminationLogger, GlobalCostLogger, WeightsLogger, PlanFrequencyLogger, ReorganizationLogger, VisualizerLogger, GlobalComplexCostLogger
