CONFIGURATION:
dataset = airbnb
output = /Users/mugeebhassan/EPOS/output/airbnb_1543788124
==============
numSimulations = 5
dataset = airbnb
numAgents = 180
numApplicants = 19
applicantOptions = 10
priceOptions = 10
numPlans = 100
planDim = 379
numIterations = 40
numChildren = 2
--------------
alpha = 0.0
beta = 0
global cost function = func.AirbnbCostFunction@4590c9c3
local cost function = func.AirbnbPlanCostFunction@32e6e9c3
goal signal = 1.0,1.0,1.0,1.0,1.0,1.0,1.0,1.0,1.0,1.0,1.0,1.0,1.0,1.0,1.0,1.0,1.0,1.0,1.0,175.83401254366797,274.3104484230755,44.2567148335872,145.08334372217666,241.67795642269783,607.5207060640196,400.04019741099154,229.18094673415015,235.82293051143378,146.0911832366611,249.60381787954526,208.36944196444972,177.16332439389961,116.71985806567842,110.89090049666487,170.85433527550524,159.56859511626388,446.86909271176313,259.169980256542,224.9038602094901,401.11979571236003,62.269320937896076,104.93452365196308,221.71985633784647,77.65154610519589,108.24463694414837,732.6623411207163,93.23165270686378,102.05784120950173,163.49228125500707,280.8788222431019,202.92843704323764,172.30701740454307,270.16642944265226,82.56204576618704,256.44048020402425,22.795785841720814,36.27285915608071,391.50180108257,73.69047310493902,290.15543813171536,189.54844581570617,195.86300329714496,188.8684719752206,87.60184152085192,170.12587122591833,17.618968995815436,219.79511842144763,44.004502187971696,129.60547292532414,135.7633851888029,72.80794525338587,229.29767799302059,37.5,202.54773030924838,131.44144368232693,130.3915521833935,142.84588286916042,35.9223041934041,173.38610789883978,366.41112829809055,205.1764960045457,189.81921173012165,141.0880615784146,172.79150991059834,176.11484057564607,181.64336558260214,70.10825227487312,91.95462499090162,45.69450231500277,108.13443910525876,157.31735835498753,353.69384785827225,171.72170844122644,107.43009234754726,151.04787238093013,92.54370131357862,60.38335421411601,121.45613242598449,163.35848691206547,62.024531772346464,118.71760279649945,121.83153917460103,129.159319101286,351.1272610765413,52.331934132407156,215.9597594228074,54.852584071431146,166.84108112228535,287.2020047644576,92.50881741558132,92.41550401768004,241.48545809430874,148.5239555928384,342.6998285480229,84.67745172359021,73.25944559544698,90.47680204805886,28.5,206.21244247217885,198.5124431661911,64.5337740946286,352.987854984711,153.47172006169765,141.96080857430738,273.5788308210392,106.67639693817942,38.61816326974329,216.99086739198458,214.53323712608645,110.0601530264377,100.39608117465978,351.9160164372948,118.04666567164273,212.6608251365907,262.4040335237655,142.89868761895912,400.8526679712918,55.98427720134681,86.64719599179806,62.99690813611057,620.1330277841457,384.0294347232084,325.01629943998086,105.75564302978836,83.8318332173705,196.72893249819904,52.455974256086925,160.1252256293934,66.2021678930017,282.0940922110901,87.19182555287104,190.76440303473493,232.18088238831854,202.1092661931598,74.18161274996804,252.7530921410587,159.91511834928522,289.37098784900326,159.59698934726248,133.7558803730837,163.11764771515487,245.52959035453853,280.7886179465129,85.42459871641518,67.36857366186578,226.13828606104192,197.84857840640433,54.51286608621628,241.26531379996578,164.29644082865929,50.23256395812837,380.5657371249573,155.27502819739615,156.5408989532831,99.85236503568746,53.76442485713106,135.44213276713973,37.42895708125366,230.93564410102053,150.33551272994674,201.54835945404955,30.952722962168934,144.86884536282437,282.9029804414013,192.43649546852367,81.96107142100661,91.92095886283242,153.5896177165773,232.20715486025608,141.5733607027767,165.08116633559231,25.518451077945336,612.8901139385723,124.64182198999032,170.43454111611942,96.8622796918569,300.403672660227,38.20456572351121,123.04698451942927,3.0,8.0,1.0,1.0,1.0,1.0,1.0,5.0,1.0,2.0,1.0,2.0,5.0,5.0,2.0,6.0,1.0,4.0,1.0,2.0,2.0,3.0,3.0,1.0,1.0,3.0,9.0,4.0,1.0,1.0,2.0,2.0,1.0,2.0,1.0,2.0,3.0,5.0,5.0,2.0,6.0,2.0,2.0,4.0,1.0,2.0,2.0,1.0,4.0,1.0,1.0,2.0,2.0,1.0,7.0,2.0,3.0,2.0,6.0,1.0,2.0,6.0,3.0,2.0,1.0,1.0,10.0,1.0,3.0,2.0,5.0,1.0,6.0,1.0,1.0,5.0,2.0,3.0,2.0,1.0,1.0,7.0,7.0,4.0,1.0,1.0,2.0,1.0,1.0,2.0,5.0,6.0,1.0,1.0,2.0,3.0,1.0,3.0,1.0,2.0,2.0,1.0,7.0,1.0,3.0,1.0,1.0,4.0,6.0,2.0,4.0,1.0,2.0,1.0,9.0,2.0,2.0,2.0,5.0,5.0,2.0,1.0,3.0,1.0,2.0,1.0,3.0,3.0,1.0,1.0,1.0,2.0,3.0,1.0,2.0,4.0,6.0,4.0,3.0,4.0,1.0,1.0,2.0,1.0,1.0,5.0,2.0,2.0,1.0,1.0,4.0,1.0,10.0,2.0,5.0,10.0,3.0,1.0,4.0,4.0,1.0,1.0,6.0,2.0,5.0,3.0,10.0,2.0,3.0,4.0,10.0,7.0,4.0,1.0,2.0,2.0,1.0,2.0,5.0,1.0
--------------
permutationID = 0
reorganizationSeed = 0
permutationSeed = 0
permutationFile = null
reorganizationPeriod = 3
memorizationOffset = 5
reorganizationStrategy = NEVER
convergenceTolerance = 0.5
--------------
loggingLevel = SEVERE
Selected Loggers: SelectedPlanLogger, GlobalResponseVectorLogger, LocalCostMultiObjectiveLogger, TerminationLogger, GlobalCostLogger, WeightsLogger, PlanFrequencyLogger, ReorganizationLogger, VisualizerLogger, GlobalComplexCostLogger
